<?xml version="1.0" encoding="utf-8"?>
<COLLADA xmlns="http://www.collada.org/2005/11/COLLADASchema" version="1.4.1">
  <asset><contributor><author>Mixamo</author><authoring_tool>COLLADA Mixamo exporter</authoring_tool><comments></comments></contributor><created>2018-12-17T16:32:22Z</created><modified>2018-12-17T16:32:22Z</modified><revision></revision><title></title><unit meter="0.010000"/><up_axis>Y_UP</up_axis></asset>
  <library_animations>
    <animation id="Hips-anim" name="Hips"><source id="Hips-Matrix-animation-input"><float_array id="Hips-Matrix-animation-input-array" count="39">

0.000000 0.033333 0.066667 0.100000 0.133333 0.166667 0.200000 0.233333 0.266667 0.300000 0.333333 0.366667 0.400000 0.433333 0.466667 0.500000
0.533333 0.566667 0.600000 0.633333 0.666667 0.700000 0.733333 0.766667 0.800000 0.833333 0.866667 0.900000 0.933333 0.966667 1.000000 1.033333
1.066667 1.100000 1.133333 1.166667 1.200000 1.233333 1.266667</float_array><technique_common><accessor source="#Hips-Matrix-animation-input-array" count="39"><param name="TIME" type="float"/></accessor></technique_common></source><source id="Hips-Matrix-animation-output-transform"><float_array id="Hips-Matrix-animation-output-transform-array" count="624">

0.941452 -0.000966 -0.337146 -0.154135 -0.027767 0.996377 -0.080392 87.279144 0.336002 0.085046 0.938014 0.014589 0.000000 0.000000 0.000000 1.000000
0.949857 0.000768 -0.312685 0.028730 -0.030267 0.995527 -0.089500 87.270782 0.311217 0.094476 0.945631 0.279185 0.000000 0.000000 0.000000 1.000000
0.958176 0.003266 -0.286160 0.148029 -0.032768 0.994610 -0.098369 87.257645 0.284296 0.103631 0.953119 0.528709 0.000000 0.000000 0.000000 1.000000
0.965576 0.006214 -0.260045 0.231019 -0.035197 0.993642 -0.106947 87.215607 0.257727 0.112418 0.959656 0.753724 0.000000 0.000000 0.000000 1.000000
0.971576 0.010094 -0.236513 0.238554 -0.038188 0.992689 -0.114503 87.091774 0.233628 0.120280 0.964858 0.916157 0.000000 0.000000 0.000000 1.000000
0.976233 0.012466 -0.216365 0.210897 -0.039219 0.992023 -0.119799 86.823624 0.213146 0.125438 0.968935 0.936796 0.000000 0.000000 0.000000 1.000000
0.980303 0.012754 -0.197088 0.207505 -0.038013 0.991439 -0.124916 86.401543 0.193808 0.129947 0.972395 0.850794 0.000000 0.000000 0.000000 1.000000
0.982429 0.013686 -0.186135 0.191860 -0.038843 0.990463 -0.132190 85.842705 0.182551 0.137097 0.973591 0.728388 0.000000 0.000000 0.000000 1.000000
0.978124 0.015165 -0.207470 0.185984 -0.045108 0.989071 -0.140368 85.235481 0.203074 0.146656 0.968118 0.682770 0.000000 0.000000 0.000000 1.000000
0.956496 0.011223 -0.291530 0.288956 -0.055237 0.988153 -0.143189 84.728752 0.286469 0.153063 0.945784 0.884425 0.000000 0.000000 0.000000 1.000000
0.892618 -0.005208 -0.450783 0.576888 -0.062344 0.988899 -0.134876 84.473694 0.446482 0.148497 0.882385 1.501380 0.000000 0.000000 0.000000 1.000000
0.755883 -0.032018 -0.653923 0.995982 -0.060374 0.991139 -0.118317 84.507751 0.651917 0.128914 0.747252 2.572532 0.000000 0.000000 0.000000 1.000000
0.551553 -0.056187 -0.832245 1.402929 -0.051793 0.993497 -0.101398 84.726997 0.832530 0.099031 0.545056 3.912002 0.000000 0.000000 0.000000 1.000000
0.341801 -0.064358 -0.937566 1.764343 -0.046079 0.995305 -0.085120 84.812439 0.938642 0.072296 0.337231 5.182784 0.000000 0.000000 0.000000 1.000000
0.194028 -0.055604 -0.979419 2.248115 -0.050462 0.996505 -0.066571 84.582634 0.979697 0.062340 0.190544 6.093278 0.000000 0.000000 0.000000 1.000000
0.126972 -0.041469 -0.991039 2.968573 -0.062998 0.996771 -0.049780 84.261230 0.989904 0.068754 0.123950 6.430472 0.000000 0.000000 0.000000 1.000000
0.117742 -0.033694 -0.992472 3.979310 -0.081114 0.995758 -0.043429 84.013573 0.989726 0.085616 0.114509 6.334827 0.000000 0.000000 0.000000 1.000000
0.135671 -0.037098 -0.990059 5.029708 -0.095238 0.994183 -0.050303 83.939499 0.986166 0.101116 0.131349 6.033824 0.000000 0.000000 0.000000 1.000000
0.159931 -0.048744 -0.985924 5.832948 -0.098693 0.992986 -0.065102 84.057327 0.982182 0.107716 0.153999 5.740567 0.000000 0.000000 0.000000 1.000000
0.179745 -0.063416 -0.981667 6.289831 -0.092245 0.992436 -0.081001 84.223770 0.979379 0.105113 0.172535 5.562772 0.000000 0.000000 0.000000 1.000000
0.193769 -0.077512 -0.977980 6.437212 -0.079140 0.992390 -0.094334 84.465324 0.977850 0.095677 0.186160 5.420454 0.000000 0.000000 0.000000 1.000000
0.211357 -0.088096 -0.973431 6.331282 -0.063723 0.992569 -0.103664 84.855537 0.975330 0.083940 0.204173 5.164005 0.000000 0.000000 0.000000 1.000000
0.247075 -0.092467 -0.964574 5.970616 -0.049356 0.992944 -0.107829 85.409660 0.967738 0.074249 0.240768 4.666455 0.000000 0.000000 0.000000 1.000000
0.308700 -0.090238 -0.946869 5.344724 -0.037687 0.993547 -0.106973 86.078522 0.950413 0.068708 0.303307 3.903941 0.000000 0.000000 0.000000 1.000000
0.390755 -0.084606 -0.916598 4.491141 -0.028019 0.994212 -0.103715 86.801407 0.920068 0.066209 0.386123 2.964836 0.000000 0.000000 0.000000 1.000000
0.479790 -0.079728 -0.873753 3.480016 -0.018275 0.994739 -0.100803 87.548477 0.877193 0.064332 0.475809 1.983442 0.000000 0.000000 0.000000 1.000000
0.563750 -0.076515 -0.822394 2.396440 -0.008548 0.995106 -0.098444 88.293602 0.825901 0.062527 0.560337 1.088462 0.000000 0.000000 0.000000 1.000000
0.636321 -0.071879 -0.768068 1.346738 -0.002192 0.995477 -0.094977 88.940208 0.771421 0.062119 0.633285 0.377691 0.000000 0.000000 0.000000 1.000000
0.695863 -0.062082 -0.715486 0.464738 -0.002652 0.996028 -0.089004 89.308777 0.718169 0.063832 0.692935 -0.097429 0.000000 0.000000 0.000000 1.000000
0.743711 -0.047851 -0.666787 -0.184420 -0.008032 0.996723 -0.080487 89.358276 0.668453 0.065215 0.740890 -0.391353 0.000000 0.000000 0.000000 1.000000
0.783702 -0.032118 -0.620306 -0.583463 -0.015125 0.997379 -0.070751 89.098511 0.620953 0.064830 0.781163 -0.563143 0.000000 0.000000 0.000000 1.000000
0.821121 -0.019819 -0.570410 -0.853435 -0.018783 0.997917 -0.061712 88.714630 0.570445 0.061387 0.819039 -0.708487 0.000000 0.000000 0.000000 1.000000
0.858490 -0.011522 -0.512701 -1.109009 -0.019218 0.998322 -0.054616 88.323891 0.512470 0.056740 0.856829 -0.838204 0.000000 0.000000 0.000000 1.000000
0.892379 -0.005510 -0.451253 -1.366866 -0.019131 0.998565 -0.050025 88.014160 0.450881 0.053274 0.890993 -0.909026 0.000000 0.000000 0.000000 1.000000
0.916449 -0.000867 -0.400151 -1.495086 -0.020462 0.998588 -0.049027 87.792000 0.399628 0.053119 0.915137 -0.870449 0.000000 0.000000 0.000000 1.000000
0.927713 0.001036 -0.373294 -1.309157 -0.022440 0.998342 -0.053000 87.603828 0.372620 0.057545 0.926198 -0.717457 0.000000 0.000000 0.000000 1.000000
0.928564 -0.001408 -0.371170 -0.757856 -0.023245 0.997809 -0.061937 87.399811 0.370444 0.066140 0.926497 -0.498332 0.000000 0.000000 0.000000 1.000000
0.934081 -0.001679 -0.357056 -0.415810 -0.025414 0.997140 -0.071174 87.316765 0.356155 0.075557 0.931367 -0.248059 0.000000 0.000000 0.000000 1.000000
0.941452 -0.000966 -0.337146 -0.154135 -0.027767 0.996377 -0.080392 87.279144 0.336002 0.085046 0.938014 0.014589 0.000000 0.000000 0.000000 1.000000</float_array><technique_common><accessor source="#Hips-Matrix-animation-output-transform-array" count="39" stride="16"><param type="float4x4"/></accessor></technique_common></source><source id="Hips-Interpolations"><Name_array id="Hips-Interpolations-array" count="39">
 LINEAR LINEAR LINEAR LINEAR LINEAR LINEAR LINEAR LINEAR LINEAR LINEAR LINEAR
LINEAR LINEAR LINEAR LINEAR LINEAR LINEAR LINEAR LINEAR LINEAR LINEAR LINEAR LINEAR
LINEAR LINEAR LINEAR LINEAR LINEAR LINEAR LINEAR LINEAR LINEAR LINEAR LINEAR LINEAR
LINEAR LINEAR LINEAR LINEAR</Name_array><technique_common><accessor source="#Hips-Interpolations-array" count="39"><param type="name"/></accessor></technique_common></source><sampler id="Hips-Matrix-animation-transform"><input semantic="INPUT" source="#Hips-Matrix-animation-input"/><input semantic="OUTPUT" source="#Hips-Matrix-animation-output-transform"/><input semantic="INTERPOLATION" source="#Hips-Interpolations"/></sampler><channel source="#Hips-Matrix-animation-transform" target="Hips/matrix"/></animation>
    <animation id="Spine-anim" name="Spine"><source id="Spine-Matrix-animation-input"><float_array id="Spine-Matrix-animation-input-array" count="39">

0.000000 0.033333 0.066667 0.100000 0.133333 0.166667 0.200000 0.233333 0.266667 0.300000 0.333333 0.366667 0.400000 0.433333 0.466667 0.500000
0.533333 0.566667 0.600000 0.633333 0.666667 0.700000 0.733333 0.766667 0.800000 0.833333 0.866667 0.900000 0.933333 0.966667 1.000000 1.033333
1.066667 1.100000 1.133333 1.166667 1.200000 1.233333 1.266667</float_array><technique_common><accessor source="#Spine-Matrix-animation-input-array" count="39"><param name="TIME" type="float"/></accessor></technique_common></source><source id="Spine-Matrix-animation-output-transform"><float_array id="Spine-Matrix-animation-output-transform-array" count="624">

0.997671 -0.067058 -0.012505 0.017300 0.067734 0.995574 0.065144 10.574800 0.008082 -0.065839 0.997798 -1.117200 0.000000 0.000000 0.000000 1.000000
0.997789 -0.065189 -0.012917 0.017300 0.065900 0.995668 0.065595 10.574800 0.008585 -0.066301 0.997763 -1.117200 0.000000 0.000000 0.000000 1.000000
0.997883 -0.063671 -0.013225 0.017300 0.064414 0.995703 0.066527 10.574800 0.008932 -0.067238 0.997697 -1.117200 0.000000 0.000000 0.000000 1.000000
0.997955 -0.062517 -0.013312 0.017300 0.063281 0.995673 0.068046 10.574800 0.009000 -0.068749 0.997593 -1.117200 0.000000 0.000000 0.000000 1.000000
0.997975 -0.062311 -0.012811 0.017300 0.063068 0.995474 0.071087 10.574800 0.008324 -0.071751 0.997388 -1.117200 0.000000 0.000000 0.000000 1.000000
0.997960 -0.062759 -0.011728 0.017300 0.063463 0.995182 0.074738 10.574800 0.006981 -0.075330 0.997134 -1.117200 0.000000 0.000000 0.000000 1.000000
0.997970 -0.062840 -0.010361 0.017300 0.063445 0.995115 0.075630 10.574800 0.005558 -0.076134 0.997082 -1.117200 0.000000 0.000000 0.000000 1.000000
0.998030 -0.062357 -0.006872 0.017300 0.062694 0.995306 0.073722 10.574800 0.002243 -0.074007 0.997255 -1.117200 0.000000 0.000000 0.000000 1.000000
0.998054 -0.062353 0.000874 0.017300 0.062139 0.995608 0.070026 10.574800 -0.005237 -0.069836 0.997545 -1.117200 0.000000 0.000000 0.000000 1.000000
0.997869 -0.063834 0.013484 0.017300 0.062828 0.995896 0.065145 10.574800 -0.017587 -0.064159 0.997785 -1.117200 0.000000 0.000000 0.000000 1.000000
0.997453 -0.065217 0.028873 0.017300 0.063443 0.996265 0.058576 10.574800 -0.032585 -0.056595 0.997865 -1.117200 0.000000 0.000000 0.000000 1.000000
0.997085 -0.062868 0.043227 0.017300 0.060696 0.996911 0.049843 10.574800 -0.046227 -0.047074 0.997821 -1.117200 0.000000 0.000000 0.000000 1.000000
0.997189 -0.053171 0.052783 0.017300 0.051084 0.997888 0.040125 10.574800 -0.054805 -0.037316 0.997800 -1.117200 0.000000 0.000000 0.000000 1.000000
0.997791 -0.036706 0.055366 0.017300 0.034941 0.998860 0.032514 10.574800 -0.056496 -0.030508 0.997937 -1.117200 0.000000 0.000000 0.000000 1.000000
0.998569 -0.018094 0.050318 0.017300 0.016617 0.999423 0.029626 10.574800 -0.050825 -0.028748 0.998294 -1.117200 0.000000 0.000000 0.000000 1.000000
0.999285 0.002835 0.037707 0.017300 -0.004011 0.999506 0.031159 10.574800 -0.037600 -0.031288 0.998803 -1.117200 0.000000 0.000000 0.000000 1.000000
0.999584 0.021554 0.019164 0.017300 -0.022208 0.999155 0.034581 10.574800 -0.018402 -0.034992 0.999218 -1.117200 0.000000 0.000000 0.000000 1.000000
0.999367 0.035519 -0.002011 0.017300 -0.035420 0.998679 0.037218 10.574800 0.003330 -0.037123 0.999305 -1.117200 0.000000 0.000000 0.000000 1.000000
0.998939 0.041148 -0.020701 0.017300 -0.040342 0.998464 0.037984 10.574800 0.022232 -0.037109 0.999064 -1.117200 0.000000 0.000000 0.000000 1.000000
0.998833 0.036326 -0.031832 0.017300 -0.035126 0.998679 0.037496 10.574800 0.033152 -0.036334 0.998790 -1.117200 0.000000 0.000000 0.000000 1.000000
0.999125 0.024920 -0.033577 0.017300 -0.023664 0.999024 0.037298 10.574800 0.034473 -0.036471 0.998740 -1.117200 0.000000 0.000000 0.000000 1.000000
0.999518 0.012105 -0.028581 0.017300 -0.010999 0.999196 0.038542 10.574800 0.029024 -0.038209 0.998848 -1.117200 0.000000 0.000000 0.000000 1.000000
0.999757 0.000934 -0.022021 0.017300 -0.000022 0.999144 0.041370 10.574800 0.022041 -0.041359 0.998901 -1.117200 0.000000 0.000000 0.000000 1.000000
0.999804 -0.008791 -0.017761 0.017300 0.009587 0.998929 0.045263 10.574800 0.017344 -0.045425 0.998817 -1.117200 0.000000 0.000000 0.000000 1.000000
0.999709 -0.017935 -0.016142 0.017300 0.018717 0.998592 0.049637 10.574800 0.015229 -0.049925 0.998637 -1.117200 0.000000 0.000000 0.000000 1.000000
0.999545 -0.026041 -0.015199 0.017300 0.026828 0.998177 0.054058 10.574800 0.013764 -0.054441 0.998422 -1.117200 0.000000 0.000000 0.000000 1.000000
0.999388 -0.032410 -0.013154 0.017300 0.033124 0.997751 0.058274 10.574800 0.011236 -0.058674 0.998214 -1.117200 0.000000 0.000000 0.000000 1.000000
0.999247 -0.037542 -0.009779 0.017300 0.038079 0.997342 0.062113 10.574800 0.007421 -0.062438 0.998021 -1.117200 0.000000 0.000000 0.000000 1.000000
0.999042 -0.043348 -0.005971 0.017300 0.043646 0.996914 0.065248 10.574800 0.003124 -0.065446 0.997851 -1.117200 0.000000 0.000000 0.000000 1.000000
0.998751 -0.049871 -0.002955 0.017300 0.049956 0.996488 0.067208 10.574800 -0.000407 -0.067271 0.997735 -1.117200 0.000000 0.000000 0.000000 1.000000
0.998330 -0.057739 -0.001641 0.017300 0.057718 0.996035 0.067690 10.574800 -0.002274 -0.067672 0.997705 -1.117200 0.000000 0.000000 0.000000 1.000000
0.997940 -0.064103 -0.002632 0.017300 0.064135 0.995690 0.066991 10.574800 -0.001674 -0.067021 0.997750 -1.117200 0.000000 0.000000 0.000000 1.000000
0.997627 -0.068626 -0.005562 0.017300 0.068844 0.995446 0.065932 10.574800 0.001012 -0.066158 0.997809 -1.117200 0.000000 0.000000 0.000000 1.000000
0.997393 -0.071582 -0.009077 0.017300 0.072023 0.995266 0.065259 10.574800 0.004363 -0.065743 0.997827 -1.117200 0.000000 0.000000 0.000000 1.000000
0.997245 -0.073265 -0.011568 0.017300 0.073866 0.995141 0.065096 10.574800 0.006743 -0.065772 0.997812 -1.117200 0.000000 0.000000 0.000000 1.000000
0.997231 -0.073330 -0.012382 0.017300 0.073984 0.995137 0.065023 10.574800 0.007554 -0.065759 0.997807 -1.117200 0.000000 0.000000 0.000000 1.000000
0.997378 -0.071347 -0.012112 0.017300 0.071984 0.995308 0.064657 10.574800 0.007442 -0.065359 0.997834 -1.117200 0.000000 0.000000 0.000000 1.000000
0.997529 -0.069192 -0.012197 0.017300 0.069840 0.995445 0.064895 10.574800 0.007651 -0.065587 0.997818 -1.117200 0.000000 0.000000 0.000000 1.000000
0.997671 -0.067058 -0.012505 0.017300 0.067734 0.995574 0.065144 10.574800 0.008082 -0.065839 0.997798 -1.117200 0.000000 0.000000 0.000000 1.000000</float_array><technique_common><accessor source="#Spine-Matrix-animation-output-transform-array" count="39" stride="16"><param type="float4x4"/></accessor></technique_common></source><source id="Spine-Interpolations"><Name_array id="Spine-Interpolations-array" count="39">
 LINEAR LINEAR LINEAR LINEAR LINEAR LINEAR LINEAR LINEAR LINEAR LINEAR LINEAR
LINEAR LINEAR LINEAR LINEAR LINEAR LINEAR LINEAR LINEAR LINEAR LINEAR LINEAR LINEAR
LINEAR LINEAR LINEAR LINEAR LINEAR LINEAR LINEAR LINEAR LINEAR LINEAR LINEAR LINEAR
LINEAR LINEAR LINEAR LINEAR</Name_array><technique_common><accessor source="#Spine-Interpolations-array" count="39"><param type="name"/></accessor></technique_common></source><sampler id="Spine-Matrix-animation-transform"><input semantic="INPUT" source="#Spine-Matrix-animation-input"/><input semantic="OUTPUT" source="#Spine-Matrix-animation-output-transform"/><input semantic="INTERPOLATION" source="#Spine-Interpolations"/></sampler><channel source="#Spine-Matrix-animation-transform" target="Spine/matrix"/></animation>
    <animation id="Spine1-anim" name="Spine1"><source id="Spine1-Matrix-animation-input"><float_array id="Spine1-Matrix-animation-input-array" count="39">

0.000000 0.033333 0.066667 0.100000 0.133333 0.166667 0.200000 0.233333 0.266667 0.300000 0.333333 0.366667 0.400000 0.433333 0.466667 0.500000
0.533333 0.566667 0.600000 0.633333 0.666667 0.700000 0.733333 0.766667 0.800000 0.833333 0.866667 0.900000 0.933333 0.966667 1.000000 1.033333
1.066667 1.100000 1.133333 1.166667 1.200000 1.233333 1.266667</float_array><technique_common><accessor source="#Spine1-Matrix-animation-input-array" count="39"><param name="TIME" type="float"/></accessor></technique_common></source><source id="Spine1-Matrix-animation-output-transform"><float_array id="Spine1-Matrix-animation-output-transform-array" count="624">

0.998416 -0.050873 -0.024022 0.019000 0.051747 0.997964 0.037275 12.337300 0.022077 -0.038459 0.999016 -1.303400 0.000000 0.000000 0.000000 1.000000
0.998474 -0.049259 -0.024958 0.019000 0.050202 0.997990 0.038676 12.337300 0.023003 -0.039870 0.998940 -1.303400 0.000000 0.000000 0.000000 1.000000
0.998543 -0.047445 -0.025716 0.019000 0.048467 0.997994 0.040719 12.337300 0.023733 -0.041906 0.998840 -1.303400 0.000000 0.000000 0.000000 1.000000
0.998626 -0.045516 -0.025968 0.019000 0.046616 0.997967 0.043465 12.337300 0.023937 -0.044615 0.998717 -1.303400 0.000000 0.000000 0.000000 1.000000
0.998755 -0.043277 -0.024824 0.019000 0.044433 0.997854 0.048093 12.337300 0.022689 -0.049136 0.998534 -1.303400 0.000000 0.000000 0.000000 1.000000
0.998938 -0.039762 -0.023268 0.019000 0.040909 0.997854 0.051121 12.337300 0.021185 -0.052019 0.998421 -1.303400 0.000000 0.000000 0.000000 1.000000
0.999160 -0.035515 -0.020431 0.019000 0.036493 0.998097 0.049708 12.337300 0.018627 -0.050411 0.998555 -1.303400 0.000000 0.000000 0.000000 1.000000
0.999402 -0.032187 -0.012647 0.019000 0.032723 0.998465 0.044696 12.337300 0.011189 -0.045083 0.998921 -1.303400 0.000000 0.000000 0.000000 1.000000
0.999502 -0.031377 0.003240 0.019000 0.031229 0.998767 0.038593 12.337300 -0.004447 -0.038472 0.999250 -1.303400 0.000000 0.000000 0.000000 1.000000
0.999078 -0.033517 0.026811 0.019000 0.032609 0.998904 0.033589 12.337300 -0.027908 -0.032684 0.999076 -1.303400 0.000000 0.000000 0.000000 1.000000
0.997872 -0.037745 0.053172 0.019000 0.036184 0.998894 0.030018 12.337300 -0.054246 -0.028030 0.998134 -1.303400 0.000000 0.000000 0.000000 1.000000
0.996272 -0.042109 0.075291 0.019000 0.040206 0.998837 0.026621 12.337300 -0.076324 -0.023495 0.996806 -1.303400 0.000000 0.000000 0.000000 1.000000
0.995239 -0.043177 0.087379 0.019000 0.041377 0.998895 0.022308 12.337300 -0.088246 -0.018586 0.995925 -1.303400 0.000000 0.000000 0.000000 1.000000
0.995576 -0.037501 0.086149 0.019000 0.036095 0.999189 0.017821 12.337300 -0.086747 -0.014633 0.996123 -1.303400 0.000000 0.000000 0.000000 1.000000
0.997210 -0.025138 0.070287 0.019000 0.024140 0.999596 0.015014 12.337300 -0.070636 -0.013275 0.997414 -1.303400 0.000000 0.000000 0.000000 1.000000
0.999104 -0.011086 0.040850 0.019000 0.010505 0.999841 0.014407 12.337300 -0.041003 -0.013965 0.999061 -1.303400 0.000000 0.000000 0.000000 1.000000
0.999992 -0.003026 0.002739 0.019000 0.002988 0.999900 0.013847 12.337300 -0.002781 -0.013839 0.999900 -1.303400 0.000000 0.000000 0.000000 1.000000
0.999355 -0.004834 -0.035578 0.019000 0.005224 0.999927 0.010872 12.337300 0.035523 -0.011051 0.999308 -1.303400 0.000000 0.000000 0.000000 1.000000
0.997774 -0.013531 -0.065298 0.019000 0.013952 0.999885 0.005983 12.337300 0.065209 -0.006880 0.997848 -1.303400 0.000000 0.000000 0.000000 1.000000
0.996455 -0.022324 -0.081110 0.019000 0.022584 0.999742 0.002299 12.337300 0.081038 -0.004122 0.996702 -1.303400 0.000000 0.000000 0.000000 1.000000
0.996198 -0.027077 -0.082802 0.019000 0.027325 0.999625 0.001867 12.337300 0.082721 -0.004122 0.996564 -1.303400 0.000000 0.000000 0.000000 1.000000
0.996796 -0.029494 -0.074355 0.019000 0.029871 0.999546 0.003964 12.337300 0.074204 -0.006173 0.997224 -1.303400 0.000000 0.000000 0.000000 1.000000
0.997516 -0.033613 -0.061899 0.019000 0.034119 0.999392 0.007147 12.337300 0.061621 -0.009241 0.998057 -1.303400 0.000000 0.000000 0.000000 1.000000
0.997879 -0.040505 -0.050962 0.019000 0.041119 0.999093 0.011055 12.337300 0.050468 -0.013127 0.998639 -1.303400 0.000000 0.000000 0.000000 1.000000
0.997921 -0.047309 -0.043765 0.019000 0.048049 0.998717 0.016018 12.337300 0.042951 -0.018088 0.998913 -1.303400 0.000000 0.000000 0.000000 1.000000
0.997936 -0.051235 -0.038707 0.019000 0.052115 0.998397 0.022081 12.337300 0.037514 -0.024052 0.999007 -1.303400 0.000000 0.000000 0.000000 1.000000
0.998066 -0.052752 -0.032897 0.019000 0.053703 0.998143 0.028739 12.337300 0.031320 -0.030451 0.999045 -1.303400 0.000000 0.000000 0.000000 1.000000
0.998205 -0.054281 -0.025287 0.019000 0.055153 0.997859 0.035152 12.337300 0.023325 -0.036484 0.999062 -1.303400 0.000000 0.000000 0.000000 1.000000
0.998222 -0.057031 -0.017333 0.019000 0.057692 0.997519 0.040350 12.337300 0.014988 -0.041278 0.999035 -1.303400 0.000000 0.000000 0.000000 1.000000
0.998141 -0.059890 -0.011329 0.019000 0.060329 0.997234 0.043419 12.337300 0.008697 -0.044022 0.998993 -1.303400 0.000000 0.000000 0.000000 1.000000
0.998097 -0.061022 -0.008903 0.019000 0.061355 0.997151 0.043882 12.337300 0.006200 -0.044345 0.998997 -1.303400 0.000000 0.000000 0.000000 1.000000
0.998160 -0.059708 -0.010558 0.019000 0.060103 0.997302 0.042154 12.337300 0.008013 -0.042711 0.999055 -1.303400 0.000000 0.000000 0.000000 1.000000
0.998258 -0.056980 -0.015331 0.019000 0.057547 0.997561 0.039511 12.337300 0.013042 -0.040324 0.999102 -1.303400 0.000000 0.000000 0.000000 1.000000
0.998299 -0.054490 -0.020720 0.019000 0.055236 0.997776 0.037301 12.337300 0.018641 -0.038382 0.999089 -1.303400 0.000000 0.000000 0.000000 1.000000
0.998288 -0.053313 -0.024051 0.019000 0.054162 0.997879 0.036115 12.337300 0.022075 -0.037356 0.999058 -1.303400 0.000000 0.000000 0.000000 1.000000
0.998282 -0.053239 -0.024472 0.019000 0.054093 0.997898 0.035684 12.337300 0.022521 -0.036946 0.999063 -1.303400 0.000000 0.000000 0.000000 1.000000
0.998311 -0.053234 -0.023255 0.019000 0.054039 0.997908 0.035476 12.337300 0.021318 -0.036673 0.999100 -1.303400 0.000000 0.000000 0.000000 1.000000
0.998363 -0.052211 -0.023350 0.019000 0.053037 0.997933 0.036290 12.337300 0.021407 -0.037469 0.999068 -1.303400 0.000000 0.000000 0.000000 1.000000
0.998416 -0.050873 -0.024022 0.019000 0.051747 0.997964 0.037275 12.337300 0.022077 -0.038459 0.999016 -1.303400 0.000000 0.000000 0.000000 1.000000</float_array><technique_common><accessor source="#Spine1-Matrix-animation-output-transform-array" count="39" stride="16"><param type="float4x4"/></accessor></technique_common></source><source id="Spine1-Interpolations"><Name_array id="Spine1-Interpolations-array" count="39">
 LINEAR LINEAR LINEAR LINEAR LINEAR LINEAR LINEAR LINEAR LINEAR LINEAR LINEAR
LINEAR LINEAR LINEAR LINEAR LINEAR LINEAR LINEAR LINEAR LINEAR LINEAR LINEAR LINEAR
LINEAR LINEAR LINEAR LINEAR LINEAR LINEAR LINEAR LINEAR LINEAR LINEAR LINEAR LINEAR
LINEAR LINEAR LINEAR LINEAR</Name_array><technique_common><accessor source="#Spine1-Interpolations-array" count="39"><param type="name"/></accessor></technique_common></source><sampler id="Spine1-Matrix-animation-transform"><input semantic="INPUT" source="#Spine1-Matrix-animation-input"/><input semantic="OUTPUT" source="#Spine1-Matrix-animation-output-transform"/><input semantic="INTERPOLATION" source="#Spine1-Interpolations"/></sampler><channel source="#Spine1-Matrix-animation-transform" target="Spine1/matrix"/></animation>
    <animation id="Spine2-anim" name="Spine2"><source id="Spine2-Matrix-animation-input"><float_array id="Spine2-Matrix-animation-input-array" count="39">

0.000000 0.033333 0.066667 0.100000 0.133333 0.166667 0.200000 0.233333 0.266667 0.300000 0.333333 0.366667 0.400000 0.433333 0.466667 0.500000
0.533333 0.566667 0.600000 0.633333 0.666667 0.700000 0.733333 0.766667 0.800000 0.833333 0.866667 0.900000 0.933333 0.966667 1.000000 1.033333
1.066667 1.100000 1.133333 1.166667 1.200000 1.233333 1.266667</float_array><technique_common><accessor source="#Spine2-Matrix-animation-input-array" count="39"><param name="TIME" type="float"/></accessor></technique_common></source><source id="Spine2-Matrix-animation-output-transform"><float_array id="Spine2-Matrix-animation-output-transform-array" count="624">

0.998465 -0.051159 -0.021233 0.021700 0.051967 0.997871 0.039415 14.099800 0.019172 -0.040458 0.998997 -1.489600 0.000000 0.000000 0.000000 1.000000
0.998523 -0.049550 -0.022306 0.021700 0.050429 0.997898 0.040709 14.099800 0.020242 -0.041773 0.998922 -1.489600 0.000000 0.000000 0.000000 1.000000
0.998593 -0.047669 -0.023214 0.021700 0.048628 0.997905 0.042667 14.099800 0.021131 -0.043735 0.998820 -1.489600 0.000000 0.000000 0.000000 1.000000
0.998683 -0.045558 -0.023611 0.021700 0.046594 0.997883 0.045369 14.099800 0.021494 -0.046410 0.998691 -1.489600 0.000000 0.000000 0.000000 1.000000
0.998826 -0.042822 -0.022636 0.021700 0.043911 0.997782 0.050033 14.099800 0.020444 -0.050968 0.998491 -1.489600 0.000000 0.000000 0.000000 1.000000
0.999012 -0.039046 -0.021233 0.021700 0.040125 0.997789 0.052991 14.099800 0.019117 -0.053790 0.998369 -1.489600 0.000000 0.000000 0.000000 1.000000
0.999226 -0.034691 -0.018551 0.021700 0.035605 0.998042 0.051434 14.099800 0.016730 -0.052054 0.998504 -1.489600 0.000000 0.000000 0.000000 1.000000
0.999459 -0.031034 -0.010856 0.021700 0.031505 0.998429 0.046334 14.099800 0.009401 -0.046651 0.998867 -1.489600 0.000000 0.000000 0.000000 1.000000
0.999558 -0.029293 0.005009 0.021700 0.029068 0.998762 0.040372 14.099800 -0.006185 -0.040209 0.999172 -1.489600 0.000000 0.000000 0.000000 1.000000
0.999144 -0.029931 0.028543 0.021700 0.028899 0.998938 0.035891 14.099800 -0.029587 -0.035035 0.998948 -1.489600 0.000000 0.000000 0.000000 1.000000
0.997966 -0.032596 0.054779 0.021700 0.030800 0.998970 0.033312 14.099800 -0.055808 -0.031557 0.997943 -1.489600 0.000000 0.000000 0.000000 1.000000
0.996406 -0.036010 0.076674 0.021700 0.033697 0.998943 0.031258 14.099800 -0.077718 -0.028562 0.996566 -1.489600 0.000000 0.000000 0.000000 1.000000
0.995390 -0.037129 0.088428 0.021700 0.034770 0.999001 0.028066 14.099800 -0.089382 -0.024862 0.995687 -1.489600 0.000000 0.000000 0.000000 1.000000
0.995705 -0.032382 0.086732 0.021700 0.030437 0.999257 0.023653 14.099800 -0.087433 -0.020911 0.995951 -1.489600 0.000000 0.000000 0.000000 1.000000
0.997295 -0.021395 0.070327 0.021700 0.020067 0.999608 0.019536 14.099800 -0.070718 -0.018072 0.997333 -1.489600 0.000000 0.000000 0.000000 1.000000
0.999141 -0.008876 0.040485 0.021700 0.008199 0.999824 0.016862 14.099800 -0.040628 -0.016516 0.999038 -1.489600 0.000000 0.000000 0.000000 1.000000
0.999994 -0.002557 0.002365 0.021700 0.002523 0.999890 0.014642 14.099800 -0.002402 -0.014636 0.999890 -1.489600 0.000000 0.000000 0.000000 1.000000
0.999349 -0.006374 -0.035508 0.021700 0.006771 0.999916 0.011082 14.099800 0.035434 -0.011315 0.999308 -1.489600 0.000000 0.000000 0.000000 1.000000
0.997768 -0.017008 -0.064570 0.021700 0.017458 0.999827 0.006406 14.099800 0.064450 -0.007519 0.997893 -1.489600 0.000000 0.000000 0.000000 1.000000
0.996439 -0.027053 -0.079862 0.021700 0.027380 0.999621 0.003000 14.099800 0.079750 -0.005176 0.996801 -1.489600 0.000000 0.000000 0.000000 1.000000
0.996175 -0.032024 -0.081301 0.021700 0.032336 0.999474 0.002526 14.099800 0.081177 -0.005146 0.996686 -1.489600 0.000000 0.000000 0.000000 1.000000
0.996779 -0.033849 -0.072703 0.021700 0.034264 0.999403 0.004472 14.099800 0.072508 -0.006949 0.997344 -1.489600 0.000000 0.000000 0.000000 1.000000
0.997510 -0.037121 -0.059960 0.021700 0.037652 0.999261 0.007753 14.099800 0.059628 -0.009992 0.998171 -1.489600 0.000000 0.000000 0.000000 1.000000
0.997879 -0.043327 -0.048585 0.021700 0.043960 0.998961 0.012026 14.099800 0.048014 -0.014136 0.998747 -1.489600 0.000000 0.000000 0.000000 1.000000
0.997924 -0.049649 -0.041016 0.021700 0.050395 0.998579 0.017338 14.099800 0.040096 -0.019369 0.999008 -1.489600 0.000000 0.000000 0.000000 1.000000
0.997946 -0.053100 -0.035830 0.021700 0.053963 0.998265 0.023558 14.099800 0.034517 -0.025443 0.999080 -1.489600 0.000000 0.000000 0.000000 1.000000
0.998089 -0.053966 -0.030084 0.021700 0.054877 0.998033 0.030315 14.099800 0.028389 -0.031908 0.999088 -1.489600 0.000000 0.000000 0.000000 1.000000
0.998251 -0.054666 -0.022520 0.021700 0.055474 0.997775 0.036992 14.099800 0.020447 -0.038176 0.999062 -1.489600 0.000000 0.000000 0.000000 1.000000
0.998294 -0.056572 -0.014464 0.021700 0.057142 0.997454 0.042661 14.099800 0.012014 -0.043415 0.998985 -1.489600 0.000000 0.000000 0.000000 1.000000
0.998236 -0.058794 -0.008277 0.021700 0.059115 0.997180 0.046231 14.099800 0.005535 -0.046638 0.998896 -1.489600 0.000000 0.000000 0.000000 1.000000
0.998202 -0.059672 -0.005731 0.021700 0.059876 0.997099 0.046987 14.099800 0.002911 -0.047246 0.998879 -1.489600 0.000000 0.000000 0.000000 1.000000
0.998257 -0.058552 -0.007401 0.021700 0.058828 0.997243 0.045231 14.099800 0.004732 -0.045587 0.998949 -1.489600 0.000000 0.000000 0.000000 1.000000
0.998336 -0.056346 -0.012276 0.021700 0.056819 0.997488 0.042309 14.099800 0.009861 -0.042936 0.999029 -1.489600 0.000000 0.000000 0.000000 1.000000
0.998359 -0.054435 -0.017752 0.021700 0.055106 0.997688 0.039773 14.099800 0.015546 -0.040686 0.999051 -1.489600 0.000000 0.000000 0.000000 1.000000
0.998338 -0.053622 -0.021096 0.021700 0.054404 0.997780 0.038397 14.099800 0.018991 -0.039481 0.999040 -1.489600 0.000000 0.000000 0.000000 1.000000
0.998330 -0.053620 -0.021485 0.021700 0.054408 0.997798 0.037946 14.099800 0.019403 -0.039051 0.999049 -1.489600 0.000000 0.000000 0.000000 1.000000
0.998361 -0.053521 -0.020268 0.021700 0.054259 0.997812 0.037780 14.099800 0.018201 -0.038818 0.999081 -1.489600 0.000000 0.000000 0.000000 1.000000
0.998413 -0.052477 -0.020449 0.021700 0.053235 0.997838 0.038529 14.099800 0.018383 -0.039556 0.999048 -1.489600 0.000000 0.000000 0.000000 1.000000
0.998465 -0.051159 -0.021233 0.021700 0.051967 0.997871 0.039415 14.099800 0.019172 -0.040458 0.998997 -1.489600 0.000000 0.000000 0.000000 1.000000</float_array><technique_common><accessor source="#Spine2-Matrix-animation-output-transform-array" count="39" stride="16"><param type="float4x4"/></accessor></technique_common></source><source id="Spine2-Interpolations"><Name_array id="Spine2-Interpolations-array" count="39">
 LINEAR LINEAR LINEAR LINEAR LINEAR LINEAR LINEAR LINEAR LINEAR LINEAR LINEAR
LINEAR LINEAR LINEAR LINEAR LINEAR LINEAR LINEAR LINEAR LINEAR LINEAR LINEAR LINEAR
LINEAR LINEAR LINEAR LINEAR LINEAR LINEAR LINEAR LINEAR LINEAR LINEAR LINEAR LINEAR
LINEAR LINEAR LINEAR LINEAR</Name_array><technique_common><accessor source="#Spine2-Interpolations-array" count="39"><param type="name"/></accessor></technique_common></source><sampler id="Spine2-Matrix-animation-transform"><input semantic="INPUT" source="#Spine2-Matrix-animation-input"/><input semantic="OUTPUT" source="#Spine2-Matrix-animation-output-transform"/><input semantic="INTERPOLATION" source="#Spine2-Interpolations"/></sampler><channel source="#Spine2-Matrix-animation-transform" target="Spine2/matrix"/></animation>
    <animation id="Neck-anim" name="Neck"><source id="Neck-Matrix-animation-input"><float_array id="Neck-Matrix-animation-input-array" count="39">

0.000000 0.033333 0.066667 0.100000 0.133333 0.166667 0.200000 0.233333 0.266667 0.300000 0.333333 0.366667 0.400000 0.433333 0.466667 0.500000
0.533333 0.566667 0.600000 0.633333 0.666667 0.700000 0.733333 0.766667 0.800000 0.833333 0.866667 0.900000 0.933333 0.966667 1.000000 1.033333
1.066667 1.100000 1.133333 1.166667 1.200000 1.233333 1.266667</float_array><technique_common><accessor source="#Neck-Matrix-animation-input-array" count="39"><param name="TIME" type="float"/></accessor></technique_common></source><source id="Neck-Matrix-animation-output-transform"><float_array id="Neck-Matrix-animation-output-transform-array" count="624">

0.998328 0.057385 -0.006891 0.024400 -0.057550 0.975927 -0.210365 15.862300 -0.005347 0.210410 0.977599 -1.675800 0.000000 0.000000 0.000000 1.000000
0.998407 0.055505 -0.010090 0.024400 -0.056386 0.976168 -0.209564 15.862300 -0.001782 0.209799 0.977743 -1.675800 0.000000 0.000000 0.000000 1.000000
0.998467 0.053737 -0.013291 0.024400 -0.055330 0.976262 -0.209404 15.862300 0.001723 0.209819 0.977739 -1.675800 0.000000 0.000000 0.000000 1.000000
0.998505 0.052142 -0.016423 0.024400 -0.054428 0.976253 -0.209686 15.862300 0.005100 0.210266 0.977631 -1.675800 0.000000 0.000000 0.000000 1.000000
0.998534 0.050614 -0.019188 0.024400 -0.053524 0.976101 -0.210623 15.862300 0.008069 0.211341 0.977379 -1.675800 0.000000 0.000000 0.000000 1.000000
0.998463 0.050733 -0.022296 0.024400 -0.054275 0.976489 -0.208623 15.862300 0.011188 0.209512 0.977742 -1.675800 0.000000 0.000000 0.000000 1.000000
0.998273 0.052739 -0.025866 0.024400 -0.056904 0.977510 -0.203066 15.862300 0.014575 0.204188 0.978823 -1.675800 0.000000 0.000000 0.000000 1.000000
0.997995 0.055605 -0.030238 0.024400 -0.060468 0.978763 -0.195873 15.862300 0.018705 0.197308 0.980163 -1.675800 0.000000 0.000000 0.000000 1.000000
0.997703 0.058584 -0.033997 0.024400 -0.064002 0.979689 -0.190035 15.862300 0.022174 0.191774 0.981189 -1.675800 0.000000 0.000000 0.000000 1.000000
0.997439 0.062889 -0.034055 0.024400 -0.068176 0.979967 -0.187127 15.862300 0.021604 0.188969 0.981745 -1.675800 0.000000 0.000000 0.000000 1.000000
0.997146 0.070349 -0.027384 0.024400 -0.074234 0.979685 -0.186299 15.862300 0.013721 0.187800 0.982111 -1.675800 0.000000 0.000000 0.000000 1.000000
0.996714 0.079936 -0.013077 0.024400 -0.080972 0.979178 -0.186156 15.862300 -0.002076 0.186603 0.982433 -1.675800 0.000000 0.000000 0.000000 1.000000
0.996202 0.086826 0.006581 0.024400 -0.084072 0.978773 -0.186910 15.862300 -0.022669 0.185646 0.982355 -1.675800 0.000000 0.000000 0.000000 1.000000
0.995937 0.086095 0.026410 0.024400 -0.079556 0.978563 -0.189960 15.862300 -0.042198 0.187087 0.981437 -1.675800 0.000000 0.000000 0.000000 1.000000
0.996187 0.077492 0.040089 0.024400 -0.068215 0.978256 -0.195861 15.862300 -0.054395 0.192380 0.979812 -1.675800 0.000000 0.000000 0.000000 1.000000
0.996848 0.066486 0.043280 0.024400 -0.056372 0.977506 -0.203233 15.862300 -0.055819 0.200153 0.978173 -1.675800 0.000000 0.000000 0.000000 1.000000
0.997509 0.060319 0.036573 0.024400 -0.051383 0.976534 -0.209142 15.862300 -0.048330 0.206742 0.977201 -1.675800 0.000000 0.000000 0.000000 1.000000
0.997726 0.062371 0.025538 0.024400 -0.055617 0.975964 -0.210717 15.862300 -0.038067 0.208817 0.977213 -1.675800 0.000000 0.000000 0.000000 1.000000
0.997415 0.069836 0.016922 0.024400 -0.064820 0.976069 -0.207578 15.862300 -0.031014 0.205945 0.978072 -1.675800 0.000000 0.000000 0.000000 1.000000
0.996953 0.076751 0.013906 0.024400 -0.072358 0.976595 -0.202552 15.862300 -0.029127 0.200929 0.979173 -1.675800 0.000000 0.000000 0.000000 1.000000
0.996742 0.079286 0.014781 0.024400 -0.074774 0.977128 -0.199072 15.862300 -0.030227 0.197318 0.979873 -1.675800 0.000000 0.000000 0.000000 1.000000
0.996810 0.078199 0.015979 0.024400 -0.073502 0.977419 -0.198116 15.862300 -0.031111 0.196309 0.980048 -1.675800 0.000000 0.000000 0.000000 1.000000
0.996942 0.076530 0.015801 0.024400 -0.071902 0.977553 -0.198043 15.862300 -0.030603 0.196301 0.980066 -1.675800 0.000000 0.000000 0.000000 1.000000
0.997001 0.075909 0.015068 0.024400 -0.071470 0.977798 -0.196985 15.862300 -0.029687 0.195317 0.980291 -1.675800 0.000000 0.000000 0.000000 1.000000
0.997015 0.075735 0.015029 0.024400 -0.071368 0.978213 -0.194952 15.862300 -0.029466 0.193298 0.980698 -1.675800 0.000000 0.000000 0.000000 1.000000
0.997046 0.075194 0.015634 0.024400 -0.070760 0.978517 -0.193641 15.862300 -0.029858 0.191963 0.980948 -1.675800 0.000000 0.000000 0.000000 1.000000
0.997087 0.074592 0.015938 0.024400 -0.070079 0.978362 -0.194670 15.862300 -0.030114 0.192986 0.980739 -1.675800 0.000000 0.000000 0.000000 1.000000
0.997110 0.074392 0.015406 0.024400 -0.069876 0.977645 -0.198311 15.862300 -0.029814 0.196661 0.980018 -1.675800 0.000000 0.000000 0.000000 1.000000
0.997154 0.074008 0.014361 0.024400 -0.069551 0.976595 -0.203529 15.862300 -0.029088 0.201951 0.978964 -1.675800 0.000000 0.000000 0.000000 1.000000
0.997291 0.072334 0.013377 0.024400 -0.067962 0.975605 -0.208749 15.862300 -0.028150 0.207274 0.977878 -1.675800 0.000000 0.000000 0.000000 1.000000
0.997523 0.069194 0.012622 0.024400 -0.064940 0.974973 -0.212626 15.862300 -0.027019 0.211279 0.977052 -1.675800 0.000000 0.000000 0.000000 1.000000
0.997770 0.065703 0.011763 0.024400 -0.061654 0.974723 -0.214742 15.862300 -0.025575 0.213538 0.976600 -1.675800 0.000000 0.000000 0.000000 1.000000
0.997946 0.063235 0.010282 0.024400 -0.059532 0.974610 -0.215852 15.862300 -0.023670 0.214796 0.976372 -1.675800 0.000000 0.000000 0.000000 1.000000
0.998024 0.062338 0.007898 0.024400 -0.059144 0.974378 -0.217001 15.862300 -0.021223 0.216105 0.976139 -1.675800 0.000000 0.000000 0.000000 1.000000
0.998036 0.062454 0.004846 0.024400 -0.059897 0.974100 -0.218041 15.862300 -0.018338 0.217323 0.975928 -1.675800 0.000000 0.000000 0.000000 1.000000
0.998051 0.062380 0.001761 0.024400 -0.060505 0.974190 -0.217470 15.862300 -0.015281 0.216940 0.976065 -1.675800 0.000000 0.000000 0.000000 1.000000
0.998127 0.061168 -0.000853 0.024400 -0.059930 0.974952 -0.214191 15.862300 -0.012270 0.213841 0.976792 -1.675800 0.000000 0.000000 0.000000 1.000000
0.998233 0.059293 -0.003786 0.024400 -0.058747 0.975518 -0.211929 15.862300 -0.008873 0.211777 0.977278 -1.675800 0.000000 0.000000 0.000000 1.000000
0.998328 0.057385 -0.006891 0.024400 -0.057550 0.975927 -0.210365 15.862300 -0.005347 0.210410 0.977599 -1.675800 0.000000 0.000000 0.000000 1.000000</float_array><technique_common><accessor source="#Neck-Matrix-animation-output-transform-array" count="39" stride="16"><param type="float4x4"/></accessor></technique_common></source><source id="Neck-Interpolations"><Name_array id="Neck-Interpolations-array" count="39">
 LINEAR LINEAR LINEAR LINEAR LINEAR LINEAR LINEAR LINEAR LINEAR LINEAR LINEAR
LINEAR LINEAR LINEAR LINEAR LINEAR LINEAR LINEAR LINEAR LINEAR LINEAR LINEAR LINEAR
LINEAR LINEAR LINEAR LINEAR LINEAR LINEAR LINEAR LINEAR LINEAR LINEAR LINEAR LINEAR
LINEAR LINEAR LINEAR LINEAR</Name_array><technique_common><accessor source="#Neck-Interpolations-array" count="39"><param type="name"/></accessor></technique_common></source><sampler id="Neck-Matrix-animation-transform"><input semantic="INPUT" source="#Neck-Matrix-animation-input"/><input semantic="OUTPUT" source="#Neck-Matrix-animation-output-transform"/><input semantic="INTERPOLATION" source="#Neck-Interpolations"/></sampler><channel source="#Neck-Matrix-animation-transform" target="Neck/matrix"/></animation>
    <animation id="Head-anim" name="Head"><source id="Head-Matrix-animation-input"><float_array id="Head-Matrix-animation-input-array" count="39">

0.000000 0.033333 0.066667 0.100000 0.133333 0.166667 0.200000 0.233333 0.266667 0.300000 0.333333 0.366667 0.400000 0.433333 0.466667 0.500000
0.533333 0.566667 0.600000 0.633333 0.666667 0.700000 0.733333 0.766667 0.800000 0.833333 0.866667 0.900000 0.933333 0.966667 1.000000 1.033333
1.066667 1.100000 1.133333 1.166667 1.200000 1.233333 1.266667</float_array><technique_common><accessor source="#Head-Matrix-animation-input-array" count="39"><param name="TIME" type="float"/></accessor></technique_common></source><source id="Head-Matrix-animation-output-transform"><float_array id="Head-Matrix-animation-output-transform-array" count="624">

0.998060 0.056347 -0.026473 0.000000 -0.054026 0.995213 0.081433 5.564000 0.030935 -0.079845 0.996327 0.988100 0.000000 0.000000 0.000000 1.000000
0.997731 0.047992 -0.047229 -0.000000 -0.043959 0.995579 0.083009 5.564000 0.051004 -0.080745 0.995429 0.988100 0.000000 0.000000 0.000000 1.000000
0.996877 0.038321 -0.069046 0.000000 -0.032396 0.995856 0.084977 5.564000 0.072017 -0.082475 0.993988 0.988100 0.000000 0.000000 0.000000 1.000000
